$ 1 0.000005 10.20027730826997 50 5 43 5e-11
s 560 96 432 96 0 0 false
s 560 320 432 320 0 1 false
c 432 96 432 320 4 0.00001 1.154508629742108 0.001 0.1
w 80 96 16 96 0
d 192 96 80 96 2 default
c 80 320 80 96 4 0.000049999999999999996 -1.3705624397324656 0.001 0
r 16 96 16 208 0 360
162 16 208 16 320 2 default-led 1 0 0 0.01
w 80 320 16 320 0
r 192 96 192 208 0 360
162 192 208 192 320 2 default-led 1 0 0 0.01
c 304 96 304 320 4 0.000029999999999999997 1.3105633924807543 0.001 0.1
w 192 320 304 320 0
r 368 96 368 208 0 360
162 368 208 368 320 2 default-led 1 0 0 0.01
w 432 96 368 96 0
w 368 320 432 320 0
d 304 320 368 320 2 default
d 80 320 192 320 2 default
d 368 96 304 96 2 default
w 304 96 192 96 0
v 560 320 560 208 0 0 40 5 0 0 0.5
w 560 208 608 208 0
w 560 96 608 96 0
c 608 208 608 96 4 0.00001 3.653966018646315e-12 0.001 0
r 560 208 560 96 0 100
o 14 64 0 4099 2.5 0.00625 0 2 14 3
o 10 64 0 4099 2.5 0.00625 1 2 10 3
o 7 64 0 4099 2.5 0.0015625 2 2 7 3
